frame.time_delta,frame.time_delta_displayed,frame.time_epoch,frame.time_invalid,frame.time_relative,ip.src,ip.dst,tcp.srcport,tcp.dstport,eth.src,eth.dst,frame.cap_len,frame.coloring_rule.name,frame.coloring_rule.string,frame.comment,frame.comment.expert,frame.encap_type,frame.file_off,frame.ignored,frame.incomplete,frame.interface_id,frame.interface_name,frame.len,frame.link_nr,frame.marked,frame.md5_hash,frame.number,frame.offset_shift,mqtt.clientid,mqtt.clientid_len,mqtt.conack.flags,mqtt.conack.flags.reserved,mqtt.conack.flags.sp,mqtt.conack.val,mqtt.conflag.cleansess,mqtt.conflag.passwd,mqtt.conflag.qos,mqtt.conflag.reserved,mqtt.conflag.retain,mqtt.conflag.uname,mqtt.conflag.willflag,mqtt.conflags,mqtt.dupflag,mqtt.hdrflags,mqtt.kalive,mqtt.len,mqtt.msg,mqtt.msgid,mqtt.msgtype,mqtt.passwd,mqtt.passwd_len,mqtt.proto_len,mqtt.protoname,mqtt.qos,mqtt.retain,mqtt.sub.qos,mqtt.suback.qos,mqtt.topic,mqtt.topic_len,mqtt.username,mqtt.username_len,mqtt.ver,mqtt.willmsg,mqtt.willmsg_len,mqtt.willtopic,mqtt.willtopic_len,type
"0.000000000","0.000000000","1516798484.773659010",,"0.000000000","192.168.1.172","192.168.1.171","41938","1883","14:cc:20:15:79:64","74:d4:35:ef:e5:5a","74",,,,,"1",,"0",,"0","wlan0","74",,"0",,"1","0.000000000",,,,,,,,,,,,,,,,,,,,,,,,,,,,,,,,,,,,,,,normal
"0.005010393","0.005010393","1516798484.778669403",,"0.005010393","192.168.1.171","192.168.1.172","1883","41938","74:d4:35:ef:e5:5a","14:cc:20:15:79:64","66",,,,,"1",,"0",,"0","wlan0","66",,"0",,"2","0.000000000",,,,,,,,,,,,,,,,,,,,,,,,,,,,,,,,,,,,,,,normal
"0.000010032","0.000010032","1516798484.778679435",,"0.005020425","192.168.1.172","192.168.1.171","41938","1883","14:cc:20:15:79:64","74:d4:35:ef:e5:5a","54",,,,,"1",,"0",,"0","wlan0","54",,"0",,"3","0.000000000",,,,,,,,,,,,,,,,,,,,,,,,,,,,,,,,,,,,,,,normal
"0.000082869","0.000082869","1516798484.778762304",,"0.005103294","192.168.1.172","192.168.1.171","41938","1883","14:cc:20:15:79:64","74:d4:35:ef:e5:5a","80",,,,,"1",,"0",,"0","wlan0","80",,"0",,"4","0.000000000","sensorPython","12",,,,,"1","0","0","0","0","0","0","0x00000002","0","0x00000010","60","24",,,"1",,,"4","MQTT","0","0",,,,,,,"4",,,,,normal
"0.001181029","0.001181029","1516798484.779943333",,"0.006284323","192.168.1.172","192.168.1.171","41938","1883","14:cc:20:15:79:64","74:d4:35:ef:e5:5a","159",,,,,"1",,"0",,"0","wlan0","159",,"0",,"5","0.000000000",,,,,,,,,,,,,,,"0,0,0,0,0,0","0x00000030,0x00000030,0x00000030,0x00000030,0x00000030,0x00000030",,"8,8,24,25,14,14","1,2,30,400,0,1",,"3,3,3,3,3,3",,,,,"0,0,0,0,0,0","0,0,0,0,0,0",,,"motor,motor,distance/ultrasonic1,distance/ultrasonic1,light/rele1,light/rele1","5,5,20,20,11,11",,,,,,,,normal
"0.004422491","0.004422491","1516798484.784365824",,"0.010706814","192.168.1.171","192.168.1.172","1883","41938","74:d4:35:ef:e5:5a","14:cc:20:15:79:64","60",,,,,"1",,"0",,"0","wlan0","60",,"0",,"6","0.000000000",,,"0x00000000","0","0","0",,,,,,,,,"0","0x00000020",,"2",,,"2",,,,,"0","0",,,,,,,,,,,,normal
"0.000043310","0.000043310","1516798484.784409134",,"0.010750124","192.168.1.172","192.168.1.171","41938","1883","14:cc:20:15:79:64","74:d4:35:ef:e5:5a","54",,,,,"1",,"0",,"0","wlan0","54",,"0",,"7","0.000000000",,,,,,,,,,,,,,,,,,,,,,,,,,,,,,,,,,,,,,,normal
"0.008413888","0.008413888","1516798484.792823022",,"0.019164012","192.168.1.171","192.168.1.172","1883","41938","74:d4:35:ef:e5:5a","14:cc:20:15:79:64","60",,,,,"1",,"0",,"0","wlan0","60",,"0",,"8","0.000000000",,,,,,,,,,,,,,,,,,,,,,,,,,,,,,,,,,,,,,,normal
"0.000031410","0.000031410","1516798484.792854432",,"0.019195422","192.168.1.172","192.168.1.171","41938","1883","14:cc:20:15:79:64","74:d4:35:ef:e5:5a","54",,,,,"1",,"0",,"0","wlan0","54",,"0",,"9","0.000000000",,,,,,,,,,,,,,,,,,,,,,,,,,,,,,,,,,,,,,,normal
"36.780159571","36.780159571","1516798521.573014003",,"36.799354993","192.168.1.172","192.168.1.171","42952","3000","14:cc:20:15:79:64","74:d4:35:ef:e5:5a","74",,,,,"1",,"0",,"0","wlan0","74",,"0",,"10","0.000000000",,,,,,,,,,,,,,,,,,,,,,,,,,,,,,,,,,,,,,,normal
"0.250296959","0.250296959","1516798521.823310962",,"37.049651952","192.168.1.172","192.168.1.171","42953","3000","14:cc:20:15:79:64","74:d4:35:ef:e5:5a","74",,,,,"1",,"0",,"0","wlan0","74",,"0",,"11","0.000000000",,,,,,,,,,,,,,,,,,,,,,,,,,,,,,,,,,,,,,,normal
"0.746270961","0.746270961","1516798522.569581923",,"37.795922913","192.168.1.172","192.168.1.171","42952","3000","14:cc:20:15:79:64","74:d4:35:ef:e5:5a","74",,,,,"1",,"0",,"0","wlan0","74",,"0",,"12","0.000000000",,,,,,,,,,,,,,,,,,,,,,,,,,,,,,,,,,,,,,,normal
"0.251992461","0.251992461","1516798522.821574384",,"38.047915374","192.168.1.172","192.168.1.171","42953","3000","14:cc:20:15:79:64","74:d4:35:ef:e5:5a","74",,,,,"1",,"0",,"0","wlan0","74",,"0",,"13","0.000000000",,,,,,,,,,,,,,,,,,,,,,,,,,,,,,,,,,,,,,,normal
"0.002947228","0.002947228","1516798522.824521612",,"38.050862602","192.168.1.171","192.168.1.172","3000","42953","74:d4:35:ef:e5:5a","14:cc:20:15:79:64","66",,,,,"1",,"0",,"0","wlan0","66",,"0",,"14","0.000000000",,,,,,,,,,,,,,,,,,,,,,,,,,,,,,,,,,,,,,,normal
"0.000044760","0.000044760","1516798522.824566372",,"38.050907362","192.168.1.172","192.168.1.171","42953","3000","14:cc:20:15:79:64","74:d4:35:ef:e5:5a","54",,,,,"1",,"0",,"0","wlan0","54",,"0",,"15","0.000000000",,,,,,,,,,,,,,,,,,,,,,,,,,,,,,,,,,,,,,,normal
"0.000188370","0.000188370","1516798522.824754742",,"38.051095732","192.168.1.172","192.168.1.171","42953","3000","14:cc:20:15:79:64","74:d4:35:ef:e5:5a","702",,,,,"1",,"0",,"0","wlan0","702",,"0",,"16","0.000000000",,,,,,,,,,,,,,,,,,,,,,,,,,,,,,,,,,,,,,,normal
"0.018611398","0.018611398","1516798522.843366140",,"38.069707130","192.168.1.171","192.168.1.172","3000","42953","74:d4:35:ef:e5:5a","14:cc:20:15:79:64","263",,,,,"1",,"0",,"0","wlan0","263",,"0",,"17","0.000000000",,,,,,,,,,,,,,,,,,,,,,,,,,,,,,,,,,,,,,,normal
"0.000034940","0.000034940","1516798522.843401080",,"38.069742070","192.168.1.172","192.168.1.171","42953","3000","14:cc:20:15:79:64","74:d4:35:ef:e5:5a","54",,,,,"1",,"0",,"0","wlan0","54",,"0",,"18","0.000000000",,,,,,,,,,,,,,,,,,,,,,,,,,,,,,,,,,,,,,,normal
"0.010982020","0.010982020","1516798522.854383100",,"38.080724090","192.168.1.172","192.168.1.171","42953","3000","14:cc:20:15:79:64","74:d4:35:ef:e5:5a","91",,,,,"1",,"0",,"0","wlan0","91",,"0",,"19","0.000000000",,,,,,,,,,,,,,,,,,,,,,,,,,,,,,,,,,,,,,,normal
"0.016248041","0.016248041","1516798522.870631141",,"38.096972131","192.168.1.171","192.168.1.172","3000","42953","74:d4:35:ef:e5:5a","14:cc:20:15:79:64","67",,,,,"1",,"0",,"0","wlan0","67",,"0",,"20","0.000000000",,,,,,,,,,,,,,,,,,,,,,,,,,,,,,,,,,,,,,,normal
"0.038956069","0.038956069","1516798522.909587210",,"38.135928200","192.168.1.172","192.168.1.171","42953","3000","14:cc:20:15:79:64","74:d4:35:ef:e5:5a","54",,,,,"1",,"0",,"0","wlan0","54",,"0",,"21","0.000000000",,,,,,,,,,,,,,,,,,,,,,,,,,,,,,,,,,,,,,,normal
"1.663999785","1.663999785","1516798524.573586995",,"39.799927985","192.168.1.172","192.168.1.171","42952","3000","14:cc:20:15:79:64","74:d4:35:ef:e5:5a","74",,,,,"1",,"0",,"0","wlan0","74",,"0",,"22","0.000000000",,,,,,,,,,,,,,,,,,,,,,,,,,,,,,,,,,,,,,,normal
"0.001692761","0.001692761","1516798524.575279756",,"39.801620746","192.168.1.171","192.168.1.172","3000","42952","74:d4:35:ef:e5:5a","14:cc:20:15:79:64","66",,,,,"1",,"0",,"0","wlan0","66",,"0",,"23","0.000000000",,,,,,,,,,,,,,,,,,,,,,,,,,,,,,,,,,,,,,,normal
"0.000046925","0.000046925","1516798524.575326681",,"39.801667671","192.168.1.172","192.168.1.171","42952","3000","14:cc:20:15:79:64","74:d4:35:ef:e5:5a","54",,,,,"1",,"0",,"0","wlan0","54",,"0",,"24","0.000000000",,,,,,,,,,,,,,,,,,,,,,,,,,,,,,,,,,,,,,,normal
"5.000724624","5.000724624","1516798529.576051305",,"44.802392295","192.168.1.172","192.168.1.171","42952","3000","14:cc:20:15:79:64","74:d4:35:ef:e5:5a","54",,,,,"1",,"0",,"0","wlan0","54",,"0",,"25","0.000000000",,,,,,,,,,,,,,,,,,,,,,,,,,,,,,,,,,,,,,,normal
"0.004880575","0.004880575","1516798529.580931880",,"44.807272870","192.168.1.171","192.168.1.172","3000","42952","74:d4:35:ef:e5:5a","14:cc:20:15:79:64","60",,,,,"1",,"0",,"0","wlan0","60",,"0",,"26","0.000000000",,,,,,,,,,,,,,,,,,,,,,,,,,,,,,,,,,,,,,,normal
"0.001946797","0.001946797","1516798529.582878677",,"44.809219667","192.168.1.171","192.168.1.172","3000","42952","74:d4:35:ef:e5:5a","14:cc:20:15:79:64","60",,,,,"1",,"0",,"0","wlan0","60",,"0",,"27","0.000000000",,,,,,,,,,,,,,,,,,,,,,,,,,,,,,,,,,,,,,,normal
"0.000034055","0.000034055","1516798529.582912732",,"44.809253722","192.168.1.172","192.168.1.171","42952","3000","14:cc:20:15:79:64","74:d4:35:ef:e5:5a","54",,,,,"1",,"0",,"0","wlan0","54",,"0",,"28","0.000000000",,,,,,,,,,,,,,,,,,,,,,,,,,,,,,,,,,,,,,,normal
"3.295451468","3.295451468","1516798532.878364200",,"48.104705190","192.168.1.172","192.168.1.171","42953","3000","14:cc:20:15:79:64","74:d4:35:ef:e5:5a","64",,,,,"1",,"0",,"0","wlan0","64",,"0",,"29","0.000000000",,,,,,,,,,,,,,,,,,,,,,,,,,,,,,,,,,,,,,,normal
"0.005097230","0.005097230","1516798532.883461430",,"48.109802420","192.168.1.171","192.168.1.172","3000","42953","74:d4:35:ef:e5:5a","14:cc:20:15:79:64","65",,,,,"1",,"0",,"0","wlan0","65",,"0",,"30","0.000000000",,,,,,,,,,,,,,,,,,,,,,,,,,,,,,,,,,,,,,,normal
"0.000036150","0.000036150","1516798532.883497580",,"48.109838570","192.168.1.172","192.168.1.171","42953","3000","14:cc:20:15:79:64","74:d4:35:ef:e5:5a","54",,,,,"1",,"0",,"0","wlan0","54",,"0",,"31","0.000000000",,,,,,,,,,,,,,,,,,,,,,,,,,,,,,,,,,,,,,,normal
"3.881842833","3.881842833","1516798536.765340413",,"51.991681403","192.168.1.172","192.168.1.1",,,"14:cc:20:15:79:64","18:a6:f7:eb:77:26","87",,,,,"1",,"0",,"0","wlan0","87",,"0",,"32","0.000000000",,,,,,,,,,,,,,,,,,,,,,,,,,,,,,,,,,,,,,,normal
"0.002795276","0.002795276","1516798536.768135689",,"51.994476679","192.168.1.1","192.168.1.172",,,"18:a6:f7:eb:77:26","14:cc:20:15:79:64","103",,,,,"1",,"0",,"0","wlan0","103",,"0",,"33","0.000000000",,,,,,,,,,,,,,,,,,,,,,,,,,,,,,,,,,,,,,,normal
"0.000036815","0.000036815","1516798536.768172504",,"51.994513494","192.168.1.172,192.168.1.1","192.168.1.1,192.168.1.172",,,"14:cc:20:15:79:64","18:a6:f7:eb:77:26","131",,,,,"1",,"0",,"0","wlan0","131",,"0",,"34","0.000000000",,,,,,,,,,,,,,,,,,,,,,,,,,,,,,,,,,,,,,,normal
"5.001130200","5.001130200","1516798541.769302704",,"56.995643694",,,,,"18:a6:f7:eb:77:26","14:cc:20:15:79:64","42",,,,,"1",,"0",,"0","wlan0","42",,"0",,"35","0.000000000",,,,,,,,,,,,,,,,,,,,,,,,,,,,,,,,,,,,,,,normal
"0.000041600","0.000041600","1516798541.769344304",,"56.995685294",,,,,"14:cc:20:15:79:64","18:a6:f7:eb:77:26","42",,,,,"1",,"0",,"0","wlan0","42",,"0",,"36","0.000000000",,,,,,,,,,,,,,,,,,,,,,,,,,,,,,,,,,,,,,,normal
"1.108555016","1.108555016","1516798542.877899320",,"58.104240310","192.168.1.172","192.168.1.171","42953","3000","14:cc:20:15:79:64","74:d4:35:ef:e5:5a","64",,,,,"1",,"0",,"0","wlan0","64",,"0",,"37","0.000000000",,,,,,,,,,,,,,,,,,,,,,,,,,,,,,,,,,,,,,,normal
"0.016346236","0.016346236","1516798542.894245556",,"58.120586546","192.168.1.171","192.168.1.172","3000","42953","74:d4:35:ef:e5:5a","14:cc:20:15:79:64","65",,,,,"1",,"0",,"0","wlan0","65",,"0",,"38","0.000000000",,,,,,,,,,,,,,,,,,,,,,,,,,,,,,,,,,,,,,,normal
"0.000021504","0.000021504","1516798542.894267060",,"58.120608050","192.168.1.172","192.168.1.171","42953","3000","14:cc:20:15:79:64","74:d4:35:ef:e5:5a","54",,,,,"1",,"0",,"0","wlan0","54",,"0",,"39","0.000000000",,,,,,,,,,,,,,,,,,,,,,,,,,,,,,,,,,,,,,,normal
"9.983046859","9.983046859","1516798552.877313919",,"68.103654909","192.168.1.172","192.168.1.171","42953","3000","14:cc:20:15:79:64","74:d4:35:ef:e5:5a","64",,,,,"1",,"0",,"0","wlan0","64",,"0",,"40","0.000000000",,,,,,,,,,,,,,,,,,,,,,,,,,,,,,,,,,,,,,,normal
"0.003677351","0.003677351","1516798552.880991270",,"68.107332260","192.168.1.171","192.168.1.172","3000","42953","74:d4:35:ef:e5:5a","14:cc:20:15:79:64","65",,,,,"1",,"0",,"0","wlan0","65",,"0",,"41","0.000000000",,,,,,,,,,,,,,,,,,,,,,,,,,,,,,,,,,,,,,,normal
"0.000009636","0.000009636","1516798552.881000906",,"68.107341896","192.168.1.172","192.168.1.171","42953","3000","14:cc:20:15:79:64","74:d4:35:ef:e5:5a","54",,,,,"1",,"0",,"0","wlan0","54",,"0",,"42","0.000000000",,,,,,,,,,,,,,,,,,,,,,,,,,,,,,,,,,,,,,,normal
"9.996676263","9.996676263","1516798562.877677169",,"78.104018159","192.168.1.172","192.168.1.171","42953","3000","14:cc:20:15:79:64","74:d4:35:ef:e5:5a","64",,,,,"1",,"0",,"0","wlan0","64",,"0",,"43","0.000000000",,,,,,,,,,,,,,,,,,,,,,,,,,,,,,,,,,,,,,,normal
"0.004496995","0.004496995","1516798562.882174164",,"78.108515154","192.168.1.171","192.168.1.172","3000","42953","74:d4:35:ef:e5:5a","14:cc:20:15:79:64","65",,,,,"1",,"0",,"0","wlan0","65",,"0",,"44","0.000000000",,,,,,,,,,,,,,,,,,,,,,,,,,,,,,,,,,,,,,,normal
"0.000035150","0.000035150","1516798562.882209314",,"78.108550304","192.168.1.172","192.168.1.171","42953","3000","14:cc:20:15:79:64","74:d4:35:ef:e5:5a","54",,,,,"1",,"0",,"0","wlan0","54",,"0",,"45","0.000000000",,,,,,,,,,,,,,,,,,,,,,,,,,,,,,,,,,,,,,,normal
"9.996016732","9.996016732","1516798572.878226046",,"88.104567036","192.168.1.172","192.168.1.171","42953","3000","14:cc:20:15:79:64","74:d4:35:ef:e5:5a","64",,,,,"1",,"0",,"0","wlan0","64",,"0",,"46","0.000000000",,,,,,,,,,,,,,,,,,,,,,,,,,,,,,,,,,,,,,,normal
"0.004890353","0.004890353","1516798572.883116399",,"88.109457389","192.168.1.171","192.168.1.172","3000","42953","74:d4:35:ef:e5:5a","14:cc:20:15:79:64","65",,,,,"1",,"0",,"0","wlan0","65",,"0",,"47","0.000000000",,,,,,,,,,,,,,,,,,,,,,,,,,,,,,,,,,,,,,,normal
"0.000018486","0.000018486","1516798572.883134885",,"88.109475875","192.168.1.172","192.168.1.171","42953","3000","14:cc:20:15:79:64","74:d4:35:ef:e5:5a","54",,,,,"1",,"0",,"0","wlan0","54",,"0",,"48","0.000000000",,,,,,,,,,,,,,,,,,,,,,,,,,,,,,,,,,,,,,,normal
"1.124153365","1.124153365","1516798574.007288250",,"89.233629240","0.0.0.0","224.0.0.1",,,"18:a6:f7:eb:77:26","01:00:5e:00:00:01","46",,,,,"1",,"0",,"0","wlan0","46",,"0",,"49","0.000000000",,,,,,,,,,,,,,,,,,,,,,,,,,,,,,,,,,,,,,,normal
"1.862311059","1.862311059","1516798575.869599309",,"91.095940299","192.168.1.172","224.0.0.251",,,"14:cc:20:15:79:64","01:00:5e:00:00:fb","46",,,,,"1",,"0",,"0","wlan0","46",,"0",,"50","0.000000000",,,,,,,,,,,,,,,,,,,,,,,,,,,,,,,,,,,,,,,normal
"7.008829529","7.008829529","1516798582.878428838",,"98.104769828","192.168.1.172","192.168.1.171","42953","3000","14:cc:20:15:79:64","74:d4:35:ef:e5:5a","64",,,,,"1",,"0",,"0","wlan0","64",,"0",,"51","0.000000000",,,,,,,,,,,,,,,,,,,,,,,,,,,,,,,,,,,,,,,normal
"0.003720584","0.003720584","1516798582.882149422",,"98.108490412","192.168.1.171","192.168.1.172","3000","42953","74:d4:35:ef:e5:5a","14:cc:20:15:79:64","65",,,,,"1",,"0",,"0","wlan0","65",,"0",,"52","0.000000000",,,,,,,,,,,,,,,,,,,,,,,,,,,,,,,,,,,,,,,normal
"0.000038060","0.000038060","1516798582.882187482",,"98.108528472","192.168.1.172","192.168.1.171","42953","3000","14:cc:20:15:79:64","74:d4:35:ef:e5:5a","54",,,,,"1",,"0",,"0","wlan0","54",,"0",,"53","0.000000000",,,,,,,,,,,,,,,,,,,,,,,,,,,,,,,,,,,,,,,normal
"4.958083468","4.958083468","1516798587.840270950",,"103.066611940",,,,,"74:d4:35:ef:e5:5a","14:cc:20:15:79:64","60",,,,,"1",,"0",,"0","wlan0","60",,"0",,"54","0.000000000",,,,,,,,,,,,,,,,,,,,,,,,,,,,,,,,,,,,,,,normal
"0.000028735","0.000028735","1516798587.840299685",,"103.066640675",,,,,"14:cc:20:15:79:64","74:d4:35:ef:e5:5a","42",,,,,"1",,"0",,"0","wlan0","42",,"0",,"55","0.000000000",,,,,,,,,,,,,,,,,,,,,,,,,,,,,,,,,,,,,,,normal
"5.038363700","5.038363700","1516798592.878663385",,"108.105004375","192.168.1.172","192.168.1.171","42953","3000","14:cc:20:15:79:64","74:d4:35:ef:e5:5a","64",,,,,"1",,"0",,"0","wlan0","64",,"0",,"56","0.000000000",,,,,,,,,,,,,,,,,,,,,,,,,,,,,,,,,,,,,,,normal
"0.004302099","0.004302099","1516798592.882965484",,"108.109306474","192.168.1.171","192.168.1.172","3000","42953","74:d4:35:ef:e5:5a","14:cc:20:15:79:64","65",,,,,"1",,"0",,"0","wlan0","65",,"0",,"57","0.000000000",,,,,,,,,,,,,,,,,,,,,,,,,,,,,,,,,,,,,,,normal
"0.000035280","0.000035280","1516798592.883000764",,"108.109341754","192.168.1.172","192.168.1.171","42953","3000","14:cc:20:15:79:64","74:d4:35:ef:e5:5a","54",,,,,"1",,"0",,"0","wlan0","54",,"0",,"58","0.000000000",,,,,,,,,,,,,,,,,,,,,,,,,,,,,,,,,,,,,,,normal
