inicio:1513084412.279029000
fin:1513084484.181257000
