inicio: 1512066111.378821000
fin :1512066173.573992000
