ini: 1517311885.592298000
fin: 1517311905.625207000
ini: 1517312177.602977000
fin: 1517312196.082149000