inicio:	1522235596.011003000
fin:	1522235614.228124000
inicio:	1522235861.183291000
fin:	1522235885.271734000
inicio:	1522236116.286676000
fin:	1522236159.872320000